lr0: 0.01  # initial learning rate (i.e. SGD=1E-2, Adam=1E-3)
'lrf': 0.010803591988559902  # final learning rate (lr0 * lrf)
'mixup': 0.3481510476273285 # SGD momentum/Adam beta1
'weight_decay': 0.00026528796081328967 # optimizer weight decay 5e-4
warmup_epochs: 3.0  # warmup epochs (fractions ok)
'warmup_momentum': 0.8001970023124855 # warmup initial momentum
'warmup_bias_lr': 0.09958448084685892 # warmup initial bias lr
'box': 5.165614746523158
'cls': 3.900881466418177(scale with pixels)
'dfl': 2.405997359076161 # dfl loss gain
'label_smoothing': 0.962807562428299  # label smoothing (fraction)
'nbs': 64  # nominal batch size
'hsv_h': 0.1599581941712826  # image HSV-Hue augmentation (fraction)
'hsv_s': 0.9309558776551419
'hsv_v': 0.2953158940662677
'degrees': -2.803600525625145 # image rotation (+/- deg)
'translate': 0.49386817219972895  # image translation (+/- fraction)
'scale': 0.5628853963005781  # image scale (+/- gain)
'shear': 0.5345826676485166  # image shear (+/- deg)
perspective: 0.0  # image perspective (+/- fraction), range 0-0.001
'flipud': 0.5897087109360701 # image flip up-down (probability)
'fliplr': 0.29338313960464535  # image flip left-right (probability)
'mosaic': 0.999287527633638  # image mosaic (probability)
'mixup': 0.3481510476273285  # image mixup (probability)
'copy_paste': 0.8146562209483329 # segment copy-paste (probability)
